 1.00000000e+00  4.04693536e-04 
 1.12201845e+00  4.04695593e-04 
 1.25892541e+00  4.04698182e-04 
 1.41253754e+00  4.04701442e-04 
 1.58489319e+00  4.04705545e-04 
 1.77827941e+00  4.04710711e-04 
 1.99526231e+00  4.04717214e-04 
 2.23872114e+00  4.04725401e-04 
 2.51188643e+00  4.04735706e-04 
 2.81838293e+00  4.04748678e-04 
 3.16227766e+00  4.04765007e-04 
 3.54813389e+00  4.04785561e-04 
 3.98107171e+00  4.04811432e-04 
 4.46683592e+00  4.04843992e-04 
 5.01187234e+00  4.04884971e-04 
 5.62341325e+00  4.04936539e-04 
 6.30957344e+00  4.05001426e-04 
 7.07945784e+00  4.05083063e-04 
 7.94328235e+00  4.05185754e-04 
 8.91250938e+00  4.05314904e-04 
 1.00000000e+01  4.05477287e-04 
 1.12201845e+01  4.05681387e-04 
 1.25892541e+01  4.05937811e-04 
 1.41253754e+01  4.06259805e-04 
 1.58489319e+01  4.06663862e-04 
 1.77827941e+01  4.07170466e-04 
 1.99526231e+01  4.07804955e-04 
 2.23872114e+01  4.08598518e-04 
 2.51188643e+01  4.09589298e-04 
 2.81838293e+01  4.10823527e-04 
 3.16227766e+01  4.12356587e-04 
 3.54813389e+01  4.14253720e-04 
 3.98107171e+01  4.16589964e-04 
 4.46683592e+01  4.19448541e-04 
 5.01187234e+01  4.22916396e-04 
 5.62341325e+01  4.27074735e-04 
 6.30957344e+01  4.31981015e-04 
 7.07945784e+01  4.37636607e-04 
 7.94328235e+01  4.43930763e-04 
 8.91250938e+01  4.50545809e-04 
 1.00000000e+02  4.56799294e-04 
 1.12201845e+02  4.61384303e-04 
 1.25892541e+02  4.61945876e-04 
 1.41253754e+02  4.54394582e-04 
 1.58489319e+02  4.31799646e-04 
 1.77827941e+02  3.82610877e-04 
 1.99526231e+02  2.87810889e-04 
 2.23872114e+02  1.16364895e-04 
 2.51188643e+02 -1.82035522e-04 
 2.81838293e+02 -6.88524613e-04 
 3.16227766e+02 -1.53342549e-03 
 3.54813389e+02 -2.92539281e-03 
 3.98107171e+02 -5.19757654e-03 
 4.46683592e+02 -8.88056973e-03 
 5.01187234e+02 -1.48172789e-02 
 5.62341325e+02 -2.43428640e-02 
 6.30957344e+02 -3.95643173e-02 
 7.07945784e+02 -6.37892707e-02 
 7.94328235e+02 -1.02170069e-01 
 8.91250938e+02 -1.62638394e-01 
 1.00000000e+03 -2.57184069e-01 
 1.12201845e+03 -4.03427401e-01 
 1.25892541e+03 -6.26160588e-01 
 1.41253754e+03 -9.58014223e-01 
 1.58489319e+03 -1.43776582e+00 
 1.77827941e+03 -2.10472331e+00 
 1.99526231e+03 -2.98925726e+00 
 2.23872114e+03 -4.10302397e+00 
 2.51188643e+03 -5.43467173e+00 
 2.81838293e+03 -6.95404558e+00 
 3.16227766e+03 -8.62193681e+00 
 3.54813389e+03 -1.03995845e+01 
 3.98107171e+03 -1.22543449e+01 
 4.46683592e+03 -1.41614236e+01 
 5.01187234e+03 -1.61032295e+01 
 5.62341325e+03 -1.80678404e+01 
 6.30957344e+03 -2.00474299e+01 
 7.07945784e+03 -2.20369831e+01 
 7.94328235e+03 -2.40333494e+01 
 8.91250938e+03 -2.60345720e+01 
 1.00000000e+04 -2.80394031e+01 
 1.12201845e+04 -3.00469062e+01 
 1.25892541e+04 -3.20560355e+01 
 1.41253754e+04 -3.40650349e+01 
 1.58489319e+04 -3.60703962e+01 
 1.77827941e+04 -3.80649160e+01 
 1.99526231e+04 -4.00340514e+01 
 2.23872114e+04 -4.19493960e+01 
 2.51188643e+04 -4.37583229e+01 
 2.81838293e+04 -4.53719631e+01 
 3.16227766e+04 -4.66635453e+01 
 3.54813389e+04 -4.75008719e+01 
 3.98107171e+04 -4.78167411e+01 
 4.46683592e+04 -4.76566513e+01 
 5.01187234e+04 -4.71445995e+01 
 5.62341325e+04 -4.64105879e+01 
 6.30957344e+04 -4.55497708e+01 
 7.07945784e+04 -4.46196445e+01 
 7.94328235e+04 -4.36514008e+01 
 8.91250938e+04 -4.26608298e+01 
 1.00000000e+05 -4.16553803e+01 
 1.12201845e+05 -4.06380853e+01 
 1.25892541e+05 -3.96095778e+01 
 1.41253754e+05 -3.85690631e+01 
 1.58489319e+05 -3.75147451e+01 
 1.77827941e+05 -3.64439721e+01 
 1.99526231e+05 -3.53532375e+01 
 2.23872114e+05 -3.42381100e+01 
 2.51188643e+05 -3.30931458e+01 
 2.81838293e+05 -3.19118458e+01 
 3.16227766e+05 -3.06867665e+01 
 3.54813389e+05 -2.94100114e+01 
 3.98107171e+05 -2.80745786e+01 
 4.46683592e+05 -2.66775638e+01 
 5.01187234e+05 -2.52271885e+01 
 5.62341325e+05 -2.37569329e+01 
 6.30957344e+05 -2.23493394e+01 
 7.07945784e+05 -2.11596325e+01 
 7.94328235e+05 -2.03930030e+01 
 8.91250938e+05 -2.01831659e+01 
 1.00000000e+06 -2.04690009e+01 
 1.12201845e+06 -2.10486474e+01 
 1.25892541e+06 -2.17276200e+01 
 1.41253754e+06 -2.23859056e+01 
 1.58489319e+06 -2.29676164e+01 
 1.77827941e+06 -2.34544764e+01 
 1.99526231e+06 -2.38470502e+01 
 2.23872114e+06 -2.41544677e+01 
 2.51188643e+06 -2.43891853e+01 
 2.81838293e+06 -2.45643079e+01 
 3.16227766e+06 -2.46921893e+01 
 3.54813389e+06 -2.47837207e+01 
 3.98107171e+06 -2.48480322e+01 
 4.46683592e+06 -2.48924612e+01 
 5.01187234e+06 -2.49226915e+01 
 5.62341325e+06 -2.49429847e+01 
 6.30957344e+06 -2.49564463e+01 
 7.07945784e+06 -2.49652835e+01 
 7.94328235e+06 -2.49710323e+01 
 8.91250938e+06 -2.49747419e+01 
 1.00000000e+07 -2.49771183e+01 
