 1.00000000e+00  8.01145306e-04 
 1.12201845e+00  7.97417467e-04 
 1.25892541e+00  7.92724398e-04 
 1.41253754e+00  7.86816177e-04 
 1.58489319e+00  7.79378174e-04 
 1.77827941e+00  7.70014291e-04 
 1.99526231e+00  7.58225876e-04 
 2.23872114e+00  7.43385164e-04 
 2.51188643e+00  7.24701850e-04 
 2.81838293e+00  7.01181008e-04 
 3.16227766e+00  6.71570113e-04 
 3.54813389e+00  6.34292349e-04 
 3.98107171e+00  5.87362652e-04 
 4.46683592e+00  5.28282024e-04 
 5.01187234e+00  4.53904491e-04 
 5.62341325e+00  3.60269631e-04 
 6.30957344e+00  2.42391762e-04 
 7.07945784e+00  9.39945909e-05 
 7.94328235e+00 -9.28227735e-05 
 8.91250938e+00 -3.28006188e-04 
 1.00000000e+01 -6.24075510e-04 
 1.12201845e+01 -9.96790354e-04 
 1.25892541e+01 -1.46598780e-03 
 1.41253754e+01 -2.05663636e-03 
 1.58489319e+01 -2.80016173e-03 
 1.77827941e+01 -3.73611422e-03 
 1.99526231e+01 -4.91426521e-03 
 2.23872114e+01 -6.39724224e-03 
 2.51188643e+01 -8.26383975e-03 
 2.81838293e+01 -1.06131766e-02 
 3.16227766e+01 -1.35699131e-02 
 3.54813389e+01 -1.72907934e-02 
 3.98107171e+01 -2.19728387e-02 
 4.46683592e+01 -2.78635982e-02 
 5.01187234e+01 -3.52739489e-02 
 5.62341325e+01 -4.45940472e-02 
 6.30957344e+01 -5.63131537e-02 
 7.07945784e+01 -7.10441875e-02 
 7.94328235e+01 -8.95540067e-02 
 8.91250938e+01 -1.12800541e-01 
 1.00000000e+02 -1.41978006e-01 
 1.12201845e+02 -1.78571439e-01 
 1.25892541e+02 -2.24421707e-01 
 1.41253754e+02 -2.81801746e-01 
 1.58489319e+02 -3.53504088e-01 
 1.77827941e+02 -4.42938414e-01 
 1.99526231e+02 -5.54235781e-01 
 2.23872114e+02 -6.92353031e-01 
 2.51188643e+02 -8.63166546e-01 
 2.81838293e+02 -1.07353904e+00 
 3.16227766e+02 -1.33133694e+00 
 3.54813389e+02 -1.64537036e+00 
 3.98107171e+02 -2.02522522e+00 
 4.46683592e+02 -2.48096056e+00 
 5.01187234e+02 -3.02265740e+00 
 5.62341325e+02 -3.65983061e+00 
 6.30957344e+02 -4.40074978e+00 
 7.07945784e+02 -5.25175195e+00 
 7.94328235e+02 -6.21665419e+00 
 8.91250938e+02 -7.29637447e+00 
 1.00000000e+03 -8.48883769e+00 
 1.12201845e+03 -9.78918651e+00 
 1.25892541e+03 -1.11902532e+01 
 1.41253754e+03 -1.26831995e+01 
 1.58489319e+03 -1.42582125e+01 
 1.77827941e+03 -1.59051563e+01 
 1.99526231e+03 -1.76141101e+01 
 2.23872114e+03 -1.93757613e+01 
 2.51188643e+03 -2.11816531e+01 
 2.81838293e+03 -2.30243066e+01 
 3.16227766e+03 -2.48972472e+01 
 3.54813389e+03 -2.67949647e+01 
 3.98107171e+03 -2.87128338e+01 
 4.46683592e+03 -3.06470142e+01 
 5.01187234e+03 -3.25943452e+01 
 5.62341325e+03 -3.45522435e+01 
 6.30957344e+03 -3.65186089e+01 
 7.07945784e+03 -3.84917407e+01 
 7.94328235e+03 -4.04702658e+01 
 8.91250938e+03 -4.24530772e+01 
 1.00000000e+04 -4.44392828e+01 
 1.12201845e+04 -4.64281629e+01 
 1.25892541e+04 -4.84191345e+01 
 1.41253754e+04 -5.04117228e+01 
 1.58489319e+04 -5.24055369e+01 
 1.77827941e+04 -5.44002496e+01 
 1.99526231e+04 -5.63955810e+01 
 2.23872114e+04 -5.83912832e+01 
 2.51188643e+04 -6.03871281e+01 
 2.81838293e+04 -6.23828948e+01 
 3.16227766e+04 -6.43783580e+01 
 3.54813389e+04 -6.63732762e+01 
 3.98107171e+04 -6.83673790e+01 
 4.46683592e+04 -7.03603524e+01 
 5.01187234e+04 -7.23518221e+01 
 5.62341325e+04 -7.43413339e+01 
 6.30957344e+04 -7.63283292e+01 
 7.07945784e+04 -7.83121156e+01 
 7.94328235e+04 -8.02918296e+01 
 8.91250938e+04 -8.22663911e+01 
 1.00000000e+05 -8.42344461e+01 
 1.12201845e+05 -8.61942948e+01 
 1.25892541e+05 -8.81438022e+01 
 1.41253754e+05 -9.00802868e+01 
 1.58489319e+05 -9.20003819e+01 
 1.77827941e+05 -9.38998660e+01 
 1.99526231e+05 -9.57734578e+01 
 2.23872114e+05 -9.76145766e+01 
 2.51188643e+05 -9.94150806e+01 
 2.81838293e+05 -1.01165022e+02 
 3.16227766e+05 -1.02852527e+02 
 3.54813389e+05 -1.04464055e+02 
 3.98107171e+05 -1.05985670e+02 
 4.46683592e+05 -1.07406783e+02 
 5.01187234e+05 -1.08729766e+02 
 5.62341325e+05 -1.09992874e+02 
 6.30957344e+05 -1.11319691e+02 
 7.07945784e+05 -1.13003227e+02 
 7.94328235e+05 -1.15561650e+02 
 8.91250938e+05 -1.19542920e+02 
 1.00000000e+06 -1.25044908e+02 
 1.12201845e+06 -1.31614521e+02 
 1.25892541e+06 -1.38703192e+02 
 1.41253754e+06 -1.45969422e+02 
 1.58489319e+06 -1.53266006e+02 
 1.77827941e+06 -1.60550864e+02 
 1.99526231e+06 -1.67826922e+02 
 2.23872114e+06 -1.75112669e+02 
 2.51188643e+06 -1.82429269e+02 
 2.81838293e+06 -1.89795306e+02 
 3.16227766e+06 -1.97224954e+02 
 3.54813389e+06 -2.04727734e+02 
 3.98107171e+06 -2.12309029e+02 
 4.46683592e+06 -2.19970866e+02 
 5.01187234e+06 -2.27712591e+02 
 5.62341325e+06 -2.35530982e+02 
 6.30957344e+06 -2.43419066e+02 
 7.07945784e+06 -2.51362234e+02 
 7.94328235e+06 -2.59328960e+02 
 8.91250938e+06 -2.67251332e+02 
 1.00000000e+07 -2.74989849e+02 
