 1.00000000e+00 -4.34245795e-04 
 1.12201845e+00 -5.46675990e-04 
 1.25892541e+00 -6.88213081e-04 
 1.41253754e+00 -8.66391162e-04 
 1.58489319e+00 -1.09069368e-03 
 1.77827941e+00 -1.37305736e-03 
 1.99526231e+00 -1.72850606e-03 
 2.23872114e+00 -2.17594810e-03 
 2.51188643e+00 -2.73917871e-03 
 2.81838293e+00 -3.44814020e-03 
 3.16227766e+00 -4.34050530e-03 
 3.54813389e+00 -5.46366574e-03 
 3.98107171e+00 -6.87722807e-03 
 4.46683592e+00 -8.65614365e-03 
 5.01187234e+00 -1.08946301e-02 
 5.62341325e+00 -1.37110779e-02 
 6.30957344e+00 -1.72541806e-02 
 7.07945784e+00 -2.17105764e-02 
 7.94328235e+00 -2.73143519e-02 
 8.91250938e+00 -3.43588216e-02 
 1.00000000e+01 -4.32110669e-02 
 1.12201845e+01 -5.43297883e-02 
 1.25892541e+01 -6.82870743e-02 
 1.41253754e+01 -8.57947151e-02 
 1.58489319e+01 -1.07735645e-01 
 1.77827941e+01 -1.35200952e-01 
 1.99526231e+01 -1.69532564e-01 
 2.23872114e+01 -2.12371144e-01 
 2.51188643e+01 -2.65707745e-01 
 2.81838293e+01 -3.31936348e-01 
 3.16227766e+01 -4.13902327e-01 
 3.54813389e+01 -5.14939256e-01 
 3.98107171e+01 -6.38883436e-01 
 4.46683592e+01 -7.90052624e-01 
 5.01187234e+01 -9.73173779e-01 
 5.62341325e+01 -1.19324567e+00 
 6.30957344e+01 -1.45532782e+00 
 7.07945784e+01 -1.76425856e+00 
 7.94328235e+01 -2.12432166e+00 
 8.91250938e+01 -2.53889949e+00 
 1.00000000e+02 -3.01016507e+00 
 1.12201845e+02 -3.53886856e+00 
 1.25892541e+02 -4.12426062e+00 
 1.41253754e+02 -4.76416892e+00 
 1.58489319e+02 -5.45521168e+00 
 1.77827941e+02 -6.19310552e+00 
 1.99526231e+02 -6.97301232e+00 
 2.23872114e+02 -7.78987260e+00 
 2.51188643e+02 -8.63868748e+00 
 2.81838293e+02 -9.51472981e+00 
 3.16227766e+02 -1.04136816e+01 
 3.54813389e+02 -1.13317063e+01 
 3.98107171e+02 -1.22654700e+01 
 4.46683592e+02 -1.32121271e+01 
 5.01187234e+02 -1.41692834e+01 
 5.62341325e+02 -1.51349477e+01 
 6.30957344e+02 -1.61074791e+01 
 7.07945784e+02 -1.70855355e+01 
 7.94328235e+02 -1.80680257e+01 
 8.91250938e+02 -1.90540667e+01 
 1.00000000e+03 -2.00429466e+01 
 1.12201845e+03 -2.10340933e+01 
 1.25892541e+03 -2.20270480e+01 
 1.41253754e+03 -2.30214435e+01 
 1.58489319e+03 -2.40169865e+01 
 1.77827941e+03 -2.50134430e+01 
 1.99526231e+03 -2.60106262e+01 
 2.23872114e+03 -2.70083874e+01 
 2.51188643e+03 -2.80066083e+01 
 2.81838293e+03 -2.90051946e+01 
 3.16227766e+03 -3.00040713e+01 
 3.54813389e+03 -3.10031788e+01 
 3.98107171e+03 -3.20024697e+01 
 4.46683592e+03 -3.30019064e+01 
 5.01187234e+03 -3.40014589e+01 
 5.62341325e+03 -3.50011035e+01 
 6.30957344e+03 -3.60008211e+01 
 7.07945784e+03 -3.70005967e+01 
 7.94328235e+03 -3.80004185e+01 
 8.91250938e+03 -3.90002770e+01 
 1.00000000e+04 -4.00001645e+01 
 1.12201845e+04 -4.10000752e+01 
 1.25892541e+04 -4.20000043e+01 
 1.41253754e+04 -4.29999479e+01 
 1.58489319e+04 -4.39999031e+01 
 1.77827941e+04 -4.49998676e+01 
 1.99526231e+04 -4.59998393e+01 
 2.23872114e+04 -4.69998169e+01 
 2.51188643e+04 -4.79997991e+01 
 2.81838293e+04 -4.89997849e+01 
 3.16227766e+04 -4.99997737e+01 
 3.54813389e+04 -5.09997647e+01 
 3.98107171e+04 -5.19997576e+01 
 4.46683592e+04 -5.29997520e+01 
 5.01187234e+04 -5.39997475e+01 
 5.62341325e+04 -5.49997440e+01 
 6.30957344e+04 -5.59997411e+01 
 7.07945784e+04 -5.69997389e+01 
 7.94328235e+04 -5.79997371e+01 
 8.91250938e+04 -5.89997357e+01 
 1.00000000e+05 -5.99997346e+01 
 1.12201845e+05 -6.09997337e+01 
 1.25892541e+05 -6.19997330e+01 
 1.41253754e+05 -6.29997324e+01 
 1.58489319e+05 -6.39997320e+01 
 1.77827941e+05 -6.49997316e+01 
 1.99526231e+05 -6.59997313e+01 
 2.23872114e+05 -6.69997311e+01 
 2.51188643e+05 -6.79997309e+01 
 2.81838293e+05 -6.89997308e+01 
 3.16227766e+05 -6.99997307e+01 
 3.54813389e+05 -7.09997306e+01 
 3.98107171e+05 -7.19997305e+01 
 4.46683592e+05 -7.29997304e+01 
 5.01187234e+05 -7.39997304e+01 
 5.62341325e+05 -7.49997304e+01 
 6.30957344e+05 -7.59997303e+01 
 7.07945784e+05 -7.69997303e+01 
 7.94328235e+05 -7.79997303e+01 
 8.91250938e+05 -7.89997303e+01 
 1.00000000e+06 -7.99997303e+01 
 1.12201845e+06 -8.09997303e+01 
 1.25892541e+06 -8.19997303e+01 
 1.41253754e+06 -8.29997302e+01 
 1.58489319e+06 -8.39997302e+01 
 1.77827941e+06 -8.49997302e+01 
 1.99526231e+06 -8.59997302e+01 
 2.23872114e+06 -8.69997302e+01 
 2.51188643e+06 -8.79997302e+01 
 2.81838293e+06 -8.89997302e+01 
 3.16227766e+06 -8.99997302e+01 
 3.54813389e+06 -9.09997302e+01 
 3.98107171e+06 -9.19997302e+01 
 4.46683592e+06 -9.29997302e+01 
 5.01187234e+06 -9.39997302e+01 
 5.62341325e+06 -9.49997302e+01 
 6.30957344e+06 -9.59997302e+01 
 7.07945784e+06 -9.69997302e+01 
 7.94328235e+06 -9.79997302e+01 
 8.91250938e+06 -9.89997302e+01 
 1.00000000e+07 -9.99997302e+01 
