 1.00000000e+00 -1.81217227e-04 
 1.12201845e+00 -1.81217095e-04 
 1.25892541e+00 -1.81216930e-04 
 1.41253754e+00 -1.81216722e-04 
 1.58489319e+00 -1.81216460e-04 
 1.77827941e+00 -1.81216129e-04 
 1.99526231e+00 -1.81215714e-04 
 2.23872114e+00 -1.81215191e-04 
 2.51188643e+00 -1.81214532e-04 
 2.81838293e+00 -1.81213703e-04 
 3.16227766e+00 -1.81212660e-04 
 3.54813389e+00 -1.81211346e-04 
 3.98107171e+00 -1.81209691e-04 
 4.46683592e+00 -1.81207609e-04 
 5.01187234e+00 -1.81204987e-04 
 5.62341325e+00 -1.81201687e-04 
 6.30957344e+00 -1.81197532e-04 
 7.07945784e+00 -1.81192301e-04 
 7.94328235e+00 -1.81185715e-04 
 8.91250938e+00 -1.81177425e-04 
 1.00000000e+01 -1.81166988e-04 
 1.12201845e+01 -1.81153848e-04 
 1.25892541e+01 -1.81137307e-04 
 1.41253754e+01 -1.81116482e-04 
 1.58489319e+01 -1.81090265e-04 
 1.77827941e+01 -1.81057260e-04 
 1.99526231e+01 -1.81015709e-04 
 2.23872114e+01 -1.80963400e-04 
 2.51188643e+01 -1.80897546e-04 
 2.81838293e+01 -1.80814642e-04 
 3.16227766e+01 -1.80710271e-04 
 3.54813389e+01 -1.80578875e-04 
 3.98107171e+01 -1.80413459e-04 
 4.46683592e+01 -1.80205211e-04 
 5.01187234e+01 -1.79943043e-04 
 5.62341325e+01 -1.79612993e-04 
 6.30957344e+01 -1.79197485e-04 
 7.07945784e+01 -1.78674391e-04 
 7.94328235e+01 -1.78015855e-04 
 8.91250938e+01 -1.77186807e-04 
 1.00000000e+02 -1.76143097e-04 
 1.12201845e+02 -1.74829144e-04 
 1.25892541e+02 -1.73174975e-04 
 1.41253754e+02 -1.71092499e-04 
 1.58489319e+02 -1.68470817e-04 
 1.77827941e+02 -1.65170313e-04 
 1.99526231e+02 -1.61015223e-04 
 2.23872114e+02 -1.55784272e-04 
 2.51188643e+02 -1.49198891e-04 
 2.81838293e+02 -1.40908379e-04 
 3.16227766e+02 -1.30471233e-04 
 3.54813389e+02 -1.17331627e-04 
 3.98107171e+02 -1.00789815e-04 
 4.46683592e+02 -7.99648630e-05 
 5.01187234e+02 -5.37477322e-05 
 5.62341325e+02 -2.07422093e-05 
 6.30957344e+02  2.08094579e-05 
 7.07945784e+02  7.31201857e-05 
 7.94328235e+02  1.38975931e-04 
 8.91250938e+02  2.21884102e-04 
 1.00000000e+03  3.26260413e-04 
 1.12201845e+03  4.57664159e-04 
 1.25892541e+03  6.23094456e-04 
 1.41253754e+03  8.31363273e-04 
 1.58489319e+03  1.09356517e-03 
 1.77827941e+03  1.42366888e-03 
 1.99526231e+03  1.83926239e-03 
 2.23872114e+03  2.36249146e-03 
 2.51188643e+03  3.02124196e-03 
 2.81838293e+03  3.85062964e-03 
 3.16227766e+03  4.89487774e-03 
 3.54813389e+03  6.20968397e-03 
 3.98107171e+03  7.86520558e-03 
 4.46683592e+03  9.94982558e-03 
 5.01187234e+03  1.25749072e-02 
 5.62341325e+03  1.58808000e-02 
 6.30957344e+03  2.00444343e-02 
 7.07945784e+03  2.52889342e-02 
 7.94328235e+03  3.18958034e-02 
 8.91250938e+03  4.02203980e-02 
 1.00000000e+04  5.07116185e-02 
 1.12201845e+04  6.39370378e-02 
 1.25892541e+04  8.06150771e-02 
 1.41253754e+04  1.01656380e-01 
 1.58489319e+04  1.28217298e-01 
 1.77827941e+04  1.61769481e-01 
 1.99526231e+04  2.04191148e-01 
 2.23872114e+04  2.57887990e-01 
 2.51188643e+04  3.25955220e-01 
 2.81838293e+04  4.12398002e-01 
 3.16227766e+04  5.22436539e-01 
 3.54813389e+04  6.62937357e-01 
 3.98107171e+04  8.43038466e-01 
 4.46683592e+04  1.07508314e+00 
 5.01187234e+04  1.37606534e+00 
 5.62341325e+04  1.76996451e+00 
 6.30957344e+04  2.29171560e+00 
 7.07945784e+04  2.99439208e+00 
 7.94328235e+04  3.96322444e+00 
 8.91250938e+04  5.34554128e+00 
 1.00000000e+05  7.42065501e+00 
 1.12201845e+05  1.07452733e+01 
 1.25892541e+05  1.51531834e+01 
 1.41253754e+05  1.14275412e+01 
 1.58489319e+05  5.24584272e+00 
 1.77827941e+05  6.31062873e-01 
 1.99526231e+05 -3.07217153e+00 
 2.23872114e+05 -6.25707097e+00 
 2.51188643e+05 -9.12364598e+00 
 2.81838293e+05 -1.17840286e+01 
 3.16227766e+05 -1.43071672e+01 
 3.54813389e+05 -1.67388615e+01 
 3.98107171e+05 -1.91116461e+01 
 4.46683592e+05 -2.14500916e+01 
 5.01187234e+05 -2.37738359e+01 
 5.62341325e+05 -2.60993886e+01 
 6.30957344e+05 -2.84412066e+01 
 7.07945784e+05 -3.08122905e+01 
 7.94328235e+05 -3.32244324e+01 
 8.91250938e+05 -3.56881925e+01 
 1.00000000e+06 -3.82126609e+01 
 1.12201845e+06 -4.08050603e+01 
 1.25892541e+06 -4.34702494e+01 
 1.41253754e+06 -4.62101840e+01 
 1.58489319e+06 -4.90233798e+01 
 1.77827941e+06 -5.19043841e+01 
 1.99526231e+06 -5.48432142e+01 
 2.23872114e+06 -5.78246569e+01 
 2.51188643e+06 -6.08272773e+01 
 2.81838293e+06 -6.38220285e+01 
 3.16227766e+06 -6.67706339e+01 
 3.54813389e+06 -6.96246506e+01 
 3.98107171e+06 -7.23273083e+01 
 4.46683592e+06 -7.48209205e+01 
 5.01187234e+06 -7.70605520e+01 
 5.62341325e+06 -7.90286334e+01 
 6.30957344e+06 -8.07407397e+01 
 7.07945784e+06 -8.22377860e+01 
 7.94328235e+06 -8.35706484e+01 
 8.91250938e+06 -8.47869695e+01 
 1.00000000e+07 -8.59247007e+01 
