 1.00000000e+00  4.01818012e-04 
 1.12201845e+00  4.00693500e-04 
 1.25892541e+00  3.99277823e-04 
 1.41253754e+00  3.97495593e-04 
 1.58489319e+00  3.95251898e-04 
 1.77827941e+00  3.92427256e-04 
 1.99526231e+00  3.88871244e-04 
 2.23872114e+00  3.84394495e-04 
 2.51188643e+00  3.78758609e-04 
 2.81838293e+00  3.71663458e-04 
 3.16227766e+00  3.62731209e-04 
 3.54813389e+00  3.51486201e-04 
 3.98107171e+00  3.37329615e-04 
 4.46683592e+00  3.19507595e-04 
 5.01187234e+00  2.97071104e-04 
 5.62341325e+00  2.68825402e-04 
 6.30957344e+00  2.33266430e-04 
 7.07945784e+00  1.88500751e-04 
 7.94328235e+00  1.32144756e-04 
 8.91250938e+00  6.11978024e-05 
 1.00000000e+01 -2.81174731e-05 
 1.12201845e+01 -1.40556131e-04 
 1.25892541e+01 -2.82103876e-04 
 1.41253754e+01 -4.60295370e-04 
 1.58489319e+01 -6.84614773e-04 
 1.77827941e+01 -9.66999697e-04 
 1.99526231e+01 -1.32247515e-03 
 2.23872114e+01 -1.76995086e-03 
 2.51188643e+01 -2.33322385e-03 
 2.81838293e+01 -3.04223867e-03 
 3.16227766e+01 -3.93467089e-03 
 3.54813389e+01 -5.05791579e-03 
 3.98107171e+01 -6.47158438e-03 
 4.46683592e+01 -8.25063363e-03 
 5.01187234e+01 -1.04892882e-02 
 5.62341325e+01 -1.33059475e-02 
 6.30957344e+01 -1.68493159e-02 
 7.07945784e+01 -2.13060455e-02 
 7.94328235e+01 -2.69102405e-02 
 8.91250938e+01 -3.39552366e-02 
 1.00000000e+02 -4.28081421e-02 
 1.12201845e+02 -5.39276908e-02 
 1.25892541e+02 -6.78860122e-02 
 1.41253754e+02 -8.53949467e-02 
 1.58489319e+02 -1.07337490e-01 
 1.77827941e+02 -1.34804805e-01 
 1.99526231e+02 -1.69138909e-01 
 2.23872114e+02 -2.11980568e-01 
 2.51188643e+02 -2.65320959e-01 
 2.81838293e+02 -3.31554201e-01 
 3.16227766e+02 -4.13525818e-01 
 3.54813389e+02 -5.14569543e-01 
 3.98107171e+02 -6.38521834e-01 
 4.46683592e+02 -7.89700589e-01 
 5.01187234e+02 -9.72832864e-01 
 5.62341325e+02 -1.19291747e+00 
 6.30957344e+02 -1.45501387e+00 
 7.07945784e+02 -1.76396026e+00 
 7.94328235e+02 -2.12404010e+00 
 8.91250938e+02 -2.53863534e+00 
 1.00000000e+03 -3.00991852e+00 
 1.12201845e+03 -3.53863919e+00 
 1.25892541e+03 -4.12404741e+00 
 1.41253754e+03 -4.76397027e+00 
 1.58489319e+03 -5.45502548e+00 
 1.77827941e+03 -6.19292919e+00 
 1.99526231e+03 -6.97284288e+00 
 2.23872114e+03 -7.78970670e+00 
 2.51188643e+03 -8.63852143e+00 
 2.81838293e+03 -9.51455951e+00 
 3.16227766e+03 -1.04135024e+01 
 3.54813389e+03 -1.13315129e+01 
 3.98107171e+03 -1.22652561e+01 
 4.46683592e+03 -1.32118854e+01 
 5.01187234e+03 -1.41690050e+01 
 5.62341325e+03 -1.51346216e+01 
 6.30957344e+03 -1.61070917e+01 
 7.07945784e+03 -1.70850701e+01 
 7.94328235e+03 -1.80674613e+01 
 8.91250938e+03 -1.90533771e+01 
 1.00000000e+04 -2.00420989e+01 
 1.12201845e+04 -2.10330461e+01 
 1.25892541e+04 -2.20257494e+01 
 1.41253754e+04 -2.30198282e+01 
 1.58489319e+04 -2.40149723e+01 
 1.77827941e+04 -2.50109263e+01 
 1.99526231e+04 -2.60074768e+01 
 2.23872114e+04 -2.70044415e+01 
 2.51188643e+04 -2.80016595e+01 
 2.81838293e+04 -2.89989831e+01 
 3.16227766e+04 -2.99962702e+01 
 3.54813389e+04 -3.09933764e+01 
 3.98107171e+04 -3.19901478e+01 
 4.46683592e+04 -3.29864125e+01 
 5.01187234e+04 -3.39819717e+01 
 5.62341325e+04 -3.49765887e+01 
 6.30957344e+04 -3.59699770e+01 
 7.07945784e+04 -3.69617843e+01 
 7.94328235e+04 -3.79515742e+01 
 8.91250938e+04 -3.89388029e+01 
 1.00000000e+05 -3.99227902e+01 
 1.12201845e+05 -4.09026836e+01 
 1.25892541e+05 -4.18774130e+01 
 1.41253754e+05 -4.28456349e+01 
 1.58489319e+05 -4.38056624e+01 
 1.77827941e+05 -4.47553798e+01 
 1.99526231e+05 -4.56921384e+01 
 2.23872114e+05 -4.66126350e+01 
 2.51188643e+05 -4.75127766e+01 
 2.81838293e+05 -4.83875512e+01 
 3.16227766e+05 -4.92309545e+01 
 3.54813389e+05 -5.00360975e+01 
 3.98107171e+05 -5.07957959e+01 
 4.46683592e+05 -5.15043578e+01 
 5.01187234e+05 -5.21622423e+01 
 5.62341325e+05 -5.27872816e+01 
 6.30957344e+05 -5.34392332e+01 
 7.07945784e+05 -5.42625224e+01 
 7.94328235e+05 -5.55174658e+01 
 8.91250938e+05 -5.74865363e+01 
 1.00000000e+06 -6.02279514e+01 
 1.12201845e+06 -6.35144740e+01 
 1.25892541e+06 -6.70655073e+01 
 1.41253754e+06 -7.07059169e+01 
 1.58489319e+06 -7.43604551e+01 
 1.77827941e+06 -7.80077826e+01 
 1.99526231e+06 -8.16495076e+01 
 2.23872114e+06 -8.52951138e+01 
 2.51188643e+06 -8.89554074e+01 
 2.81838293e+06 -9.26398631e+01 
 3.16227766e+06 -9.63557102e+01 
 3.54813389e+06 -1.00107820e+02 
 3.98107171e+06 -1.03898968e+02 
 4.46683592e+06 -1.07730229e+02 
 5.01187234e+06 -1.11601324e+02 
 5.62341325e+06 -1.15510675e+02 
 6.30957344e+06 -1.19454820e+02 
 7.07945784e+06 -1.23426472e+02 
 7.94328235e+06 -1.27409879e+02 
 8.91250938e+06 -1.31371093e+02 
 1.00000000e+07 -1.35240370e+02 
