 1.00000000e+00 -1.85571503e-04 
 1.12201845e+00 -1.86698804e-04 
 1.25892541e+00 -1.88117991e-04 
 1.41253754e+00 -1.89904642e-04 
 1.58489319e+00 -1.92153900e-04 
 1.77827941e+00 -1.94985547e-04 
 1.99526231e+00 -1.98550376e-04 
 2.23872114e+00 -2.03038226e-04 
 2.51188643e+00 -2.08688088e-04 
 2.81838293e+00 -2.15800832e-04 
 3.16227766e+00 -2.24755231e-04 
 3.54813389e+00 -2.36028124e-04 
 3.98107171e+00 -2.50219813e-04 
 4.46683592e+00 -2.68086027e-04 
 5.01187234e+00 -2.90578152e-04 
 5.62341325e+00 -3.18893894e-04 
 6.30957344e+00 -3.54541039e-04 
 7.07945784e+00 -3.99417720e-04 
 7.94328235e+00 -4.55913454e-04 
 8.91250938e+00 -5.27036324e-04 
 1.00000000e+01 -6.16573056e-04 
 1.12201845e+01 -7.29290499e-04 
 1.25892541e+01 -8.71189192e-04 
 1.41253754e+01 -1.04982247e-03 
 1.58489319e+01 -1.27469799e-03 
 1.77827941e+01 -1.55778295e-03 
 1.99526231e+01 -1.91413955e-03 
 2.23872114e+01 -2.36272436e-03 
 2.51188643e+01 -2.92739328e-03 
 2.81838293e+01 -3.63816496e-03 
 3.16227766e+01 -4.53280808e-03 
 3.54813389e+01 -5.65883503e-03 
 3.98107171e+01 -7.07600392e-03 
 4.46683592e+01 -8.85945646e-03 
 5.01187234e+01 -1.11036492e-02 
 5.62341325e+01 -1.39272723e-02 
 6.30957344e+01 -1.74793945e-02 
 7.07945784e+01 -2.19471237e-02 
 7.94328235e+01 -2.75651335e-02 
 8.91250938e+01 -3.46274696e-02 
 1.00000000e+02 -4.35021232e-02 
 1.12201845e+02 -5.46489222e-02 
 1.25892541e+02 -6.86413473e-02 
 1.41253754e+02 -8.61928981e-02 
 1.58489319e+02 -1.08188595e-01 
 1.77827941e+02 -1.35722050e-01 
 1.99526231e+02 -1.70138211e-01 
 2.23872114e+02 -2.13081309e-01 
 2.51188643e+02 -2.66546530e-01 
 2.81838293e+02 -3.32932541e-01 
 3.16227766e+02 -4.15089850e-01 
 3.54813389e+02 -5.16357424e-01 
 3.98107171e+02 -6.40576867e-01 
 4.46683592e+02 -7.92070649e-01 
 5.01187234e+02 -9.75569148e-01 
 5.62341325e+02 -1.19607244e+00 
 6.30957344e+02 -1.45863835e+00 
 7.07945784e+02 -1.76809974e+00 
 7.94328235e+02 -2.12873067e+00 
 8.91250938e+02 -2.54389958e+00 
 1.00000000e+03 -3.01576213e+00 
 1.12201845e+03 -3.54504878e+00 
 1.25892541e+03 -4.13098977e+00 
 1.41253754e+03 -4.77139317e+00 
 1.58489319e+03 -5.46285950e+00 
 1.77827941e+03 -6.20109004e+00 
 1.99526231e+03 -6.98123343e+00 
 2.23872114e+03 -7.79821818e+00 
 2.51188643e+03 -8.64703333e+00 
 2.81838293e+03 -9.52293794e+00 
 3.16227766e+03 -1.04215968e+01 
 3.54813389e+03 -1.13391507e+01 
 3.98107171e+03 -1.22722362e+01 
 4.46683592e+03 -1.32179681e+01 
 5.01187234e+03 -1.41739011e+01 
 5.62341325e+03 -1.51379774e+01 
 6.30957344e+03 -1.61084708e+01 
 7.07945784e+03 -1.70839306e+01 
 7.94328235e+03 -1.80631274e+01 
 8.91250938e+03 -1.90450035e+01 
 1.00000000e+04 -2.00286263e+01 
 1.12201845e+04 -2.10131459e+01 
 1.25892541e+04 -2.19977540e+01 
 1.41253754e+04 -2.29816445e+01 
 1.58489319e+04 -2.39639734e+01 
 1.77827941e+04 -2.49438165e+01 
 1.99526231e+04 -2.59201242e+01 
 2.23872114e+04 -2.68916704e+01 
 2.51188643e+04 -2.78569942e+01 
 2.81838293e+04 -2.88143341e+01 
 3.16227766e+04 -2.97615506e+01 
 3.54813389e+04 -3.06960392e+01 
 3.98107171e+04 -3.16146319e+01 
 4.46683592e+04 -3.25134890e+01 
 5.01187234e+04 -3.33879869e+01 
 5.62341325e+04 -3.42326060e+01 
 6.30957344e+04 -3.50408335e+01 
 7.07945784e+04 -3.58050955e+01 
 7.94328235e+04 -3.65167408e+01 
 8.91250938e+04 -3.71661015e+01 
 1.00000000e+05 -3.77426541e+01 
 1.12201845e+05 -3.82352971e+01 
 1.25892541e+05 -3.86327458e+01 
 1.41253754e+05 -3.89240193e+01 
 1.58489319e+05 -3.90989630e+01 
 1.77827941e+05 -3.91487265e+01 
 1.99526231e+05 -3.90661021e+01 
 2.23872114e+05 -3.88456407e+01 
 2.51188643e+05 -3.84834992e+01 
 2.81838293e+05 -3.79770364e+01 
 3.16227766e+05 -3.73242592e+01 
 3.54813389e+05 -3.65233416e+01 
 3.98107171e+05 -3.55726488e+01 
 4.46683592e+05 -3.44721317e+01 
 5.01187234e+05 -3.32279210e+01 
 5.62341325e+05 -3.18638879e+01 
 6.30957344e+05 -3.04464370e+01 
 7.07945784e+05 -2.91247584e+01 
 7.94328235e+05 -2.81516012e+01 
 8.91250938e+05 -2.77788430e+01 
 1.00000000e+06 -2.80334876e+01 
 1.12201845e+06 -2.86888677e+01 
 1.25892541e+06 -2.94817668e+01 
 1.41253754e+06 -3.02487029e+01 
 1.58489319e+06 -3.09188723e+01 
 1.77827941e+06 -3.14729092e+01 
 1.99526231e+06 -3.19147765e+01 
 2.23872114e+06 -3.22576825e+01 
 2.51188643e+06 -3.25176354e+01 
 2.81838293e+06 -3.27105280e+01 
 3.16227766e+06 -3.28508094e+01 
 3.54813389e+06 -3.29509143e+01 
 3.98107171e+06 -3.30210966e+01 
 4.46683592e+06 -3.30695064e+01 
 5.01187234e+06 -3.31024091e+01 
 5.62341325e+06 -3.31244793e+01 
 6.30957344e+06 -3.31391116e+01 
 7.07945784e+06 -3.31487137e+01 
 7.94328235e+06 -3.31549581e+01 
 8.91250938e+06 -3.31589865e+01 
 1.00000000e+07 -3.31615665e+01 
