 1.00000000e+00  3.98170882e-04 
 1.12201845e+00  3.96484060e-04 
 1.25892541e+00  3.94360477e-04 
 1.41253754e+00  3.91687046e-04 
 1.58489319e+00  3.88321398e-04 
 1.77827941e+00  3.84084302e-04 
 1.99526231e+00  3.78750120e-04 
 2.23872114e+00  3.72034791e-04 
 2.51188643e+00  3.63580706e-04 
 2.81838293e+00  3.52937666e-04 
 3.16227766e+00  3.39538908e-04 
 3.54813389e+00  3.22670927e-04 
 3.98107171e+00  3.01435485e-04 
 4.46683592e+00  2.74701786e-04 
 5.01187234e+00  2.41046274e-04 
 5.62341325e+00  1.98676845e-04 
 6.30957344e+00  1.45337450e-04 
 7.07945784e+00  7.81880095e-05 
 7.94328235e+00 -6.34673340e-06 
 8.91250938e+00 -1.12767460e-04 
 1.00000000e+01 -2.46739714e-04 
 1.12201845e+01 -4.15395241e-04 
 1.25892541e+01 -6.27711173e-04 
 1.41253754e+01 -8.94987158e-04 
 1.58489319e+01 -1.23144560e-03 
 1.77827941e+01 -1.65498668e-03 
 1.99526231e+01 -2.18813785e-03 
 2.23872114e+01 -2.85924752e-03 
 2.51188643e+01 -3.70398530e-03 
 2.81838293e+01 -4.76722657e-03 
 3.16227766e+01 -6.10541857e-03 
 3.54813389e+01 -7.78954899e-03 
 3.98107171e+01 -9.90886699e-03 
 4.46683592e+01 -1.25755424e-02 
 5.01187234e+01 -1.59304907e-02 
 5.62341325e+01 -2.01506436e-02 
 6.30957344e+01 -2.54580016e-02 
 7.07945784e+01 -3.21308738e-02 
 7.94328235e+01 -4.05177825e-02 
 8.91250938e+01 -5.10545819e-02 
 1.00000000e+02 -6.42854092e-02 
 1.12201845e+02 -8.08881287e-02 
 1.25892541e+02 -1.01704922e-01 
 1.41253754e+02 -1.27778590e-01 
 1.58489319e+02 -1.60394894e-01 
 1.77827941e+02 -2.01130791e-01 
 1.99526231e+02 -2.51907660e-01 
 2.23872114e+02 -3.15047331e-01 
 2.51188643e+02 -3.93326981e-01 
 2.81838293e+02 -4.90026535e-01 
 3.16227766e+02 -6.08959327e-01 
 3.54813389e+02 -7.54473799e-01 
 3.98107171e+02 -9.31411798e-01 
 4.46683592e+02 -1.14500896e+00 
 5.01187234e+02 -1.40072645e+00 
 5.62341325e+02 -1.70401267e+00 
 6.30957344e+02 -2.06000833e+00 
 7.07945784e+02 -2.47322694e+00 
 7.94328235e+02 -2.94725941e+00 
 8.91250938e+02 -3.48455887e+00 
 1.00000000e+03 -4.08635521e+00 
 1.12201845e+03 -4.75272516e+00 
 1.25892541e+03 -5.48281207e+00 
 1.41253754e+03 -6.27515727e+00 
 1.58489319e+03 -7.12808494e+00 
 1.77827941e+03 -8.04007658e+00 
 1.99526231e+03 -9.01007950e+00 
 2.23872114e+03 -1.00377088e+01 
 2.51188643e+03 -1.11233188e+01 
 2.81838293e+03 -1.22679375e+01 
 3.16227766e+03 -1.34730688e+01 
 3.54813389e+03 -1.47403882e+01 
 3.98107171e+03 -1.60713696e+01 
 4.46683592e+03 -1.74668998e+01 
 5.01187234e+03 -1.89269438e+01 
 5.62341325e+03 -2.04503188e+01 
 6.30957344e+03 -2.20346182e+01 
 7.07945784e+03 -2.36762908e+01 
 7.94328235e+03 -2.53708508e+01 
 8.91250938e+03 -2.71131716e+01 
 1.00000000e+04 -2.88978045e+01 
 1.12201845e+04 -3.07192752e+01 
 1.25892541e+04 -3.25723245e+01 
 1.41253754e+04 -3.44520786e+01 
 1.58489319e+04 -3.63541508e+01 
 1.77827941e+04 -3.82746847e+01 
 1.99526231e+04 -4.02103520e+01 
 2.23872114e+04 -4.21583223e+01 
 2.51188643e+04 -4.41162138e+01 
 2.81838293e+04 -4.60820365e+01 
 3.16227766e+04 -4.80541332e+01 
 3.54813389e+04 -5.00311224e+01 
 3.98107171e+04 -5.20118459e+01 
 4.46683592e+04 -5.39953197e+01 
 5.01187234e+04 -5.59806911e+01 
 5.62341325e+04 -5.79671982e+01 
 6.30957344e+04 -5.99541333e+01 
 7.07945784e+04 -6.19408077e+01 
 7.94328235e+04 -6.39265160e+01 
 8.91250938e+04 -6.59104997e+01 
 1.00000000e+05 -6.78919077e+01 
 1.12201845e+05 -6.98697512e+01 
 1.25892541e+05 -7.18428515e+01 
 1.41253754e+05 -7.38097790e+01 
 1.58489319e+05 -7.57687780e+01 
 1.77827941e+05 -7.77176782e+01 
 1.99526231e+05 -7.96537876e+01 
 2.23872114e+05 -8.15737685e+01 
 2.51188643e+05 -8.34735004e+01 
 2.81838293e+05 -8.53479495e+01 
 3.16227766e+05 -8.71910943e+01 
 3.54813389e+05 -8.89960319e+01 
 3.98107171e+05 -9.07555672e+01 
 4.46683592e+05 -9.24639996e+01 
 5.01187234e+05 -9.41217812e+01 
 5.62341325e+05 -9.57467388e+01 
 6.30957344e+05 -9.73986256e+01 
 7.07945784e+05 -9.92218634e+01 
 7.94328235e+05 -1.01476766e+02 
 8.91250938e+05 -1.04445804e+02 
 1.00000000e+06 -1.08187193e+02 
 1.12201845e+06 -1.12473695e+02 
 1.25892541e+06 -1.17024712e+02 
 1.41253754e+06 -1.21665108e+02 
 1.58489319e+06 -1.26319636e+02 
 1.77827941e+06 -1.30966955e+02 
 1.99526231e+06 -1.35608674e+02 
 2.23872114e+06 -1.40254275e+02 
 2.51188643e+06 -1.44914564e+02 
 2.81838293e+06 -1.49599017e+02 
 3.16227766e+06 -1.54314861e+02 
 3.54813389e+06 -1.59066969e+02 
 3.98107171e+06 -1.63858115e+02 
 4.46683592e+06 -1.68689375e+02 
 5.01187234e+06 -1.73560469e+02 
 5.62341325e+06 -1.78469819e+02 
 6.30957344e+06 -1.83413964e+02 
 7.07945784e+06 -1.88385615e+02 
 7.94328235e+06 -1.93369022e+02 
 8.91250938e+06 -1.98330236e+02 
 1.00000000e+07 -2.03199512e+02 
